[3,19446,-1],
[3,19570,-1],
[3,19694,19756],
[1,19818,-1],
[0,19818,-1],
[0,19941,-1],
[3,20065,-1],
[1,20127,-1],
[0,20189,-1],
[2,20251,-1],
[1,20313,-1],
[3,20375,-1],
[2,20437,-1],
[1,20561,-1],
[3,20623,-1],
[1,20685,-1],
[0,20685,-1],
[0,20809,-1],
[2,20933,-1],
[3,20995,-1],
[1,21057,-1],
[0,21057,-1],
[0,21181,-1],
[3,21305,-1],
[1,21367,-1],
[3,21429,-1],
[2,21491,-1],
[0,21553,-1],
[3,21615,-1],
[1,21677,-1],
[2,21739,-1],
[1,21801,-1],
[0,21801,-1],
[0,21925,-1],
[3,22049,-1],
[1,22111,-1],
[3,22173,-1],
[2,22235,-1],
[1,22297,-1],
[3,22359,-1],
[2,22421,-1],
[1,22545,-1],
[3,22607,-1],
[1,22669,-1],
[0,22669,-1],
[0,22793,-1],
[2,22917,-1],
[3,22979,-1],
[1,23041,-1],
[0,23041,-1],
[0,23165,-1],
[3,23289,-1],
[1,23351,-1],
[3,23413,-1],
[2,23475,-1],
[0,23537,-1],
[3,23598,-1],
[1,23660,-1],
[2,23722,-1],
[0,23784,-1],
[1,23784,-1],
[0,23908,-1],
[3,24032,-1],
[1,24094,-1],
[3,24156,-1],
[2,24218,-1],
[1,24280,-1],
[3,24342,-1],
[2,24404,-1],
[1,24528,-1],
[3,24590,-1],
[0,24652,-1],
[1,24652,-1],
[0,24776,-1],
[2,24900,-1],
[3,24962,-1],
[0,25024,-1],
[1,25024,-1],
[0,25148,-1],
[3,25272,-1],
[1,25334,-1],
[3,25396,-1],
[2,25458,-1],
[0,25520,-1],
[3,25582,-1],
[1,25644,-1],
[2,25706,-1],
[1,25768,-1],
[0,25768,-1],
[0,25892,-1],
[3,26016,-1],
[1,26078,-1],
[3,26140,-1],
[2,26202,-1],
[1,26264,-1],
[3,26326,-1],
[2,26388,-1],
[1,26512,-1],
[3,26574,-1],
[1,26636,-1],
[0,26636,-1],
[0,26760,-1],
[2,26884,-1],
[3,26946,-1],
[1,27008,-1],
[0,27008,-1],
[0,27132,-1],
[3,27256,-1],
[1,27318,-1],
[3,27379,-1],
[2,27441,-1],
[0,27503,-1],
[3,27565,-1],
[1,27627,27689],
[2,27689,-1],
[0,27751,-1],
[1,27751,-1],
[0,27875,-1],
[3,27999,-1],
[1,28061,-1],
[3,28123,-1],
[2,28185,-1],
[1,28247,-1],
[3,28309,-1],
[2,28371,28433],
[1,28495,28557],
[3,28557,-1],
[1,28619,-1],
[0,28619,-1],
[0,28743,-1],
[2,28867,-1],
[3,28929,-1],
[0,28991,-1],
[1,28991,-1],
[0,29115,-1],
[3,29239,-1],
[1,29301,-1],
[3,29363,-1],
[2,29425,-1],
[0,29487,29549],
[3,29549,-1],
[1,29611,29673],
[2,29673,-1],
[1,29735,-1],
[0,29735,-1],
[0,29859,-1],
[3,29983,-1],
[1,30045,-1],
[3,30107,-1],
[2,30169,-1],
[1,30231,-1],
[3,30293,-1],
[2,30355,30417],
[1,30479,30541],
[3,30541,-1],
[1,30603,-1],
[0,30603,-1],
[0,30727,-1],
[2,30851,-1],
[3,30913,-1],
[1,30975,-1],
[0,30975,-1],
[0,31098,-1],
[3,31222,-1],
[1,31284,-1],
[3,31346,-1],
[2,31408,-1],
[0,31470,31532],
[3,31532,-1],
[1,31594,31656],
[2,31656,-1],
[0,31718,-1],
[1,31718,-1],
[0,31842,-1],
[3,31966,-1],
[1,32028,-1],
[3,32090,-1],
[2,32152,-1],
[1,32214,-1],
[3,32276,-1],
[2,32338,32400],
[1,32462,32524],
[3,32524,-1],
[0,32586,-1],
[1,32586,-1],
[0,32710,-1],
[2,32834,-1],
[3,32896,-1],
[0,32958,-1],
[1,32958,-1],
[0,33082,-1],
[3,33206,-1],
[1,33268,-1],
[3,33330,-1],
[2,33392,-1],
[0,33454,33516],
[3,33516,-1],
[1,33578,33640],
[2,33640,-1],
[1,33702,-1],
[0,33702,-1],
[0,33826,-1],
[3,33950,-1],
[1,34012,-1],
[3,34074,-1],
[2,34136,-1],
[1,34198,-1],
[3,34260,-1],
[2,34322,34384],
[1,34446,34508],
[3,34508,-1],
[1,34570,-1],
[0,34570,-1],
[0,34694,-1],
[2,34818,-1],
[3,34879,-1],
[1,34941,-1],
[0,34941,-1],
[0,35065,-1],
[3,35189,35251],
[3,35313,35375],
[0,35437,35499],
[3,35561,35623],
[1,35685,-1],
[0,35685,35933],
[3,35933,-1],
[2,35933,-1],
[3,36057,-1],
[2,36119,-1],
[3,36181,-1],
[1,36243,-1],
[0,36305,-1],
[2,36367,-1],
[0,36429,-1],
[3,36491,-1],
[2,36553,-1],
[1,36553,-1],
[2,36677,-1],
[0,36739,-1],
[3,36801,-1],
[2,36863,-1],
[1,36925,-1],
[0,36925,-1],
[1,37049,-1],
[3,37049,-1],
[0,37173,-1],
[2,37235,-1],
[0,37297,-1],
[3,37359,-1],
[0,37421,-1],
[2,37483,-1],
[0,37545,-1],
[1,37607,-1],
[3,37669,-1],
[2,37669,-1],
[3,37793,-1],
[1,37855,-1],
[0,37917,-1],
[2,37979,-1],
[0,38041,-1],
[2,38103,-1],
[0,38165,-1],
[1,38227,-1],
[3,38289,-1],
[2,38351,-1],
[3,38413,-1],
[0,38475,-1],
[2,38537,-1],
[1,38537,-1],
[3,38598,-1],
[1,38660,-1],
[0,38722,-1],
[2,38784,-1],
[1,38846,-1],
[0,38908,-1],
[3,38908,-1],
[2,38970,-1],
[1,39032,-1],
[0,39094,-1],
[2,39156,-1],
[3,39218,-1],
[2,39280,-1],
[0,39342,-1],
[1,39404,-1],
[2,39466,-1],
[1,39528,-1],
[0,39590,-1],
[3,39652,-1],
[2,39652,-1],
[3,39776,-1],
[1,39838,-1],
[2,39900,-1],
[0,39962,-1],
[3,40024,-1],
[2,40086,-1],
[1,40148,-1],
[3,40210,-1],
[1,40272,-1],
[0,40334,-1],
[2,40396,-1],
[3,40396,-1],
[3,40520,-1],
[1,40582,-1],
[0,40644,-1],
[2,40706,-1],
[3,40768,-1],
[0,40768,-1],
[1,40892,-1],
[2,40954,-1],
[0,41016,-1],
[1,41016,-1],
[3,41140,-1],
[2,41202,-1],
[1,41264,-1],
[0,41326,-1],
[3,41388,-1],
[1,41450,-1],
[2,41512,-1],
[3,41574,-1],
[0,41636,-1],
[1,41636,-1],
[2,41698,-1],
[1,41760,-1],
[2,41822,-1],
[0,41884,-1],
[2,41946,-1],
[1,42008,-1],
[0,42070,-1],
[3,42132,-1],
[2,42194,-1],
[3,42256,-1],
[1,42318,-1],
[0,42379,-1],
[3,42441,-1],
[2,42503,-1],
[1,42503,-1],
[2,42627,-1],
[0,42689,-1],
[3,42751,-1],
[1,42813,-1],
[3,42875,-1],
[2,42875,-1],
[0,42937,-1],
[2,42999,-1],
[1,43061,-1],
[3,43123,-1],
[0,43185,-1],
[1,43247,-1],
[3,43309,-1],
[2,43371,43433],
[0,43433,43495],
[3,43495,43557],
[1,43557,43619],
[3,43619,-1],
[2,43619,-1],
[0,43681,-1],
[1,43743,-1],
[2,43805,-1],
[3,43867,-1],
[0,43929,-1],
[3,43991,-1],
[1,44053,-1],
[2,44115,-1],
[0,44115,-1],
[3,44177,-1],
[0,44239,-1],
[2,44301,-1],
[1,44363,-1],
[3,44425,-1],
[2,44487,-1],
[0,44487,-1],
[1,44611,-1],
[3,44673,-1],
[2,44735,-1],
[0,44797,-1],
[2,44859,-1],
[3,44859,-1],
[1,44983,-1],
[3,45045,-1],
[0,45107,-1],
[2,45169,-1],
[0,45231,-1],
[1,45293,-1],
[3,45355,-1],
[2,45417,-1],
[0,45479,-1],
[1,45541,-1],
[3,45603,-1],
[2,45603,-1],
[3,45727,-1],
[1,45789,-1],
[0,45851,-1],
[3,45913,-1],
[2,45975,-1],
[0,46037,-1],
[1,46098,-1],
[2,46160,-1],
[3,46222,-1],
[0,46284,-1],
[1,46346,-1],
[3,46408,-1],
[2,46470,-1],
[1,46470,-1],
[2,46594,-1],
[0,46656,-1],
[1,46718,-1],
[2,46780,-1],
[3,46842,-1],
[0,46842,-1],
[1,46904,-1],
[3,46966,-1],
[2,47028,-1],
[1,47090,-1],
[3,47152,-1],
[2,47214,-1],
[1,47276,-1],
[0,47338,-1],
[2,47400,-1],
[1,47462,-1],
[0,47524,-1],
[3,47586,-1],
[2,47586,-1],
[1,47648,-1],
[2,47710,-1],
[3,47772,-1],
[0,47834,-1],
[1,47896,-1],
[3,47958,-1],
[2,48020,-1],
[0,48082,-1],
[3,48144,-1],
[0,48206,-1],
[3,48268,-1],
[0,48330,-1],
[3,48392,-1],
[0,48454,-1],
[1,48454,-1],
[2,48578,-1],
[3,48640,-1],
[1,48702,-1],
[0,48764,-1],
[3,48826,-1],
[2,48826,-1],
[0,48950,-1],
[1,49012,-1],
[3,49074,-1],
[2,49136,-1],
[3,49198,-1],
[0,49260,-1],
[1,49322,-1],
[2,49384,-1],
[1,49446,-1],
[0,49508,-1],
[2,49570,-1],
[3,49570,-1],
[2,49694,-1],
[1,49756,-1],
[0,49818,-1],
[3,49879,-1],
[1,49941,-1],
[2,50003,-1],
[3,50065,-1],
[0,50127,-1],
[3,50189,-1],
[1,50251,-1],
[2,50313,-1],
[3,50375,-1],
[1,50437,-1],
[0,50437,-1],
[3,50561,-1],
[2,50623,-1],
[0,50685,-1],
[1,50747,-1],
[3,50809,-1],
[2,50809,-1],
[2,50933,-1],
[0,50995,-1],
[1,51057,-1],
[3,51119,-1],
[1,51181,-1],
[3,51243,-1],
[0,51305,-1],
[2,51367,-1],
[0,51429,-1],
[1,51491,-1],
[2,51553,-1],
[3,51553,-1],
[3,51677,-1],
[0,51801,-1],
[1,51863,-1],
[0,51925,-1],
[3,51987,-1],
[0,52049,-1],
[2,52049,-1],
[0,52235,-1],
[3,52297,-1],
[1,52359,-1],
[0,52421,-1],
[3,52483,-1],
[0,52545,-1],
[2,52545,-1],
[0,52731,-1],
[3,52793,-1],
[1,52855,-1],
[0,52917,-1],
[3,52979,-1],
[0,53041,-1],
[2,53041,-1],
[3,53289,53413],
[2,53351,-1],
[0,53413,-1],
[1,53475,-1],
[2,53537,-1],
[3,53537,-1],
[3,53660,-1],
[0,53784,-1],
[1,53846,-1],
[0,53908,-1],
[3,53970,-1],
[0,54032,-1],
[2,54032,-1],
[0,54218,-1],
[3,54280,-1],
[1,54342,-1],
[0,54404,-1],
[3,54466,-1],
[0,54528,-1],
[2,54528,-1],
[0,54714,-1],
[3,54776,-1],
[1,54838,-1],
[0,54900,-1],
[3,54962,-1],
[0,55024,-1],
[2,55024,-1],
[3,55272,55334],
[0,55334,-1],
[3,55396,55458],
[1,55458,-1],
[2,55520,-1],
[3,55520,-1],
[3,55644,-1],
[0,55768,-1],
[1,55830,-1],
[0,55892,-1],
[3,55954,-1],
[0,56016,-1],
[2,56016,-1],
[0,56202,-1],
[3,56264,-1],
[1,56326,-1],
[0,56388,-1],
[3,56450,-1],
[0,56512,-1],
[2,56512,-1],
[0,56698,-1],
[3,56760,-1],
[1,56822,-1],
[0,56884,-1],
[3,56946,-1],
[0,57008,-1],
[2,57008,-1],
[3,57256,57379],
[2,57318,-1],
[0,57379,-1],
[1,57441,-1],
[2,57503,-1],
[3,57503,-1],
[3,57627,-1],
[0,57751,-1],
[1,57813,-1],
[0,57875,-1],
[3,57937,-1],
[0,57999,-1],
[2,57999,-1],
[0,58185,-1],
[3,58247,-1],
[1,58309,-1],
[0,58371,-1],
[3,58433,-1],
[0,58495,-1],
[2,58495,-1],
[0,58681,-1],
[3,58743,-1],
[1,58805,-1],
[0,58867,-1],
[3,58929,-1],
[0,58991,-1],
[2,58991,-1],
[0,59115,-1],
[3,59239,-1],
[0,59301,-1],
[1,59363,-1],
[3,59363,-1],
[1,59487,-1],
[0,59487,-1],
[0,59611,-1],
[3,59735,-1],
[2,59797,-1],
[3,59859,-1],
[0,59921,-1],
[3,59983,-1],
[1,59983,-1],
[3,60169,-1],
[0,60231,-1],
[2,60293,-1],
[3,60355,-1],
[1,60355,-1],
[0,60417,-1],
[3,60479,-1],
[1,60603,-1],
[2,60603,-1],
[3,60665,-1],
[0,60727,-1],
[2,60789,-1],
[3,60851,-1],
[0,60913,-1],
[3,60975,-1],
[1,60975,-1],
[0,61222,61346],
[1,61284,-1],
[3,61346,-1],
[2,61408,-1],
[1,61470,-1],
[0,61470,-1],
[0,61594,-1],
[3,61718,-1],
[2,61780,-1],
[3,61842,-1],
[0,61904,-1],
[3,61966,-1],
[1,61966,-1],
[3,62152,-1],
[0,62214,-1],
[2,62276,-1],
[3,62338,-1],
[1,62338,-1],
[0,62400,-1],
[3,62462,-1],
[1,62586,-1],
[2,62586,-1],
[3,62648,-1],
[0,62710,-1],
[2,62772,-1],
[3,62834,-1],
[0,62896,-1],
[3,62958,-1],
[1,62958,-1],
[0,63206,63268],
[3,63268,-1],
[0,63330,63392],
[2,63392,-1],
[1,63454,-1],
[0,63454,-1],
[0,63578,-1],
[3,63702,-1],
[2,63764,-1],
[3,63826,-1],
[0,63888,-1],
[3,63950,-1],
[1,63950,-1],
[3,64136,-1],
[0,64198,-1],
[2,64260,-1],
[3,64322,-1],
[1,64322,-1],
[0,64384,-1],
[3,64446,-1],
[1,64570,-1],
[2,64570,-1],
[3,64632,-1],
[0,64694,-1],
[2,64756,-1],
[3,64818,-1],
[0,64879,-1],
[3,64941,-1],
[1,64941,-1],
[0,65189,65313],
[1,65251,-1],
[3,65313,-1],
[2,65375,-1],
[1,65437,-1],
[0,65437,-1],
[0,65561,-1],
[3,65685,-1],
[2,65747,-1],
[3,65809,-1],
[0,65871,-1],
[3,65933,-1],
[1,65933,-1],
[3,66119,-1],
[0,66181,-1],
[2,66243,-1],
[3,66305,-1],
[1,66305,-1],
[0,66367,-1],
[3,66429,-1],
[1,66553,-1],
[2,66553,-1],
[3,66615,-1],
[0,66677,-1],
[2,66739,-1],
[3,66801,-1],
[0,66863,-1],
[3,66925,66987],
[1,66925,66987],
[0,67421,-1],
[2,67421,-1],
[1,67483,-1],
[2,67545,-1],
[1,67607,-1],
[3,67669,-1],
[0,67731,-1],
[3,67793,-1],
[1,67855,-1],
[3,67917,-1],
[2,67979,-1],
[1,68041,-1],
[3,68103,-1],
[0,68165,-1],
[1,68227,-1],
[3,68289,-1],
[2,68351,-1],
[0,68413,-1],
[1,68475,-1],
[3,68537,-1],
[0,68598,-1],
[2,68660,-1],
[1,68722,-1],
[0,68784,-1],
[2,68846,-1],
[3,68908,-1],
[0,68970,-1],
[1,69032,-1],
[3,69094,-1],
[2,69156,-1],
[1,69218,-1],
[3,69280,-1],
[2,69342,-1],
[0,69404,-1],
[3,69466,-1],
[1,69528,-1],
[0,69590,-1],
[2,69652,-1],
[3,69714,-1],
[0,69776,-1],
[2,69838,-1],
[3,69900,-1],
[2,69962,-1],
[1,70024,-1],
[3,70086,-1],
[0,70148,-1],
[1,70210,-1],
[3,70272,-1],
[2,70334,-1],
[0,70396,-1],
[2,70458,-1],
[3,70520,-1],
[0,70582,-1],
[2,70644,-1],
[1,70706,-1],
[0,70768,-1],
[2,70830,-1],
[3,70892,-1],
[0,70954,-1],
[1,71016,-1],
[3,71078,-1],
[2,71140,-1],
[1,71202,-1],
[3,71264,-1],
[2,71326,-1],
[0,71388,-1],
[1,71450,-1],
[2,71512,-1],
[0,71574,-1],
[3,71636,-1],
[2,71698,-1],
[0,71760,-1],
[1,71822,-1],
[3,71884,-1],
[2,71946,-1],
[1,72008,-1],
[3,72070,-1],
[0,72132,-1],
[1,72194,-1],
[3,72256,-1],
[2,72318,-1],
[0,72379,-1],
[1,72441,-1],
[2,72503,-1],
[0,72565,-1],
[3,72627,-1],
[2,72689,-1],
[0,72751,-1],
[1,72813,-1],
[3,72875,-1],
[2,72937,-1],
[1,72999,-1],
[3,73061,-1],
[0,73123,-1],
[1,73185,-1],
[0,73247,-1],
[3,73309,-1],
[0,73371,-1],
[1,73433,-1],
[2,73495,-1],
[0,73557,-1],
[3,73619,-1],
[2,73681,-1],
[0,73743,-1],
[1,73805,-1],
[3,73867,-1],
[2,73929,-1],
[1,73991,-1],
[3,74053,-1],
[0,74115,-1],
[1,74177,-1],
[3,74239,-1],
[2,74301,-1],
[0,74363,-1],
[3,74425,-1],
[2,74487,-1],
[0,74549,-1],
[1,74611,-1],
[3,74673,-1],
[0,74735,-1],
[2,74797,-1],
[3,74859,-1],
[1,74921,-1],
[0,74983,-1],
[3,75045,-1],
[1,75107,-1],
[2,75169,-1],
[3,75231,-1],
[1,75293,-1],
[3,75355,-1],
[0,75355,-1],
[2,75417,-1],
[1,75479,-1],
[3,75541,-1],
[0,75603,-1],
[2,75665,-1],
[3,75727,-1],
[0,75727,-1],
[1,75789,-1],
[2,75851,-1],
[1,75913,-1],
[3,75975,-1],
[2,76037,-1],
[0,76098,-1],
[1,76160,-1],
[3,76222,-1],
[0,76222,-1],
[2,76284,-1],
[1,76346,-1],
[3,76408,-1],
[1,76470,-1],
[2,76532,-1],
[0,76594,-1],
[2,76656,-1],
[1,76718,-1],
[3,76780,-1],
[1,76842,-1],
[2,76904,-1],
[0,76966,-1],
[2,77028,-1],
[1,77090,-1],
[3,77152,-1],
[1,77214,-1],
[2,77276,-1],
[0,77338,-1],
[3,77524,-1],
[0,77710,-1],
[3,77896,-1],
[0,78082,-1],
[3,78268,-1],
[0,78454,-1],
[3,78640,-1],
[0,78826,-1],
[3,79012,-1],
[0,79198,-1],
[3,79384,-1],
[0,79570,-1],
[3,79756,-1],
[2,79818,82731],
[0,79941,-1],
[3,80127,-1],
[0,80313,-1],
[3,80499,-1],
[0,80685,-1],
[3,80871,-1],
[0,81057,-1],
[3,81243,-1],
[1,81305,82731],
[0,81429,-1],
[3,81615,-1],
[0,81801,-1],
[3,81987,-1],
[0,82173,-1],
[3,82359,-1],
[0,82545,-1],
[3,82731,82793],
[0,82917,82979],
[2,83103,83165],
[1,83103,83165],
[3,83289,83784],
[0,83289,83784],
[0,84776,-1],
[1,85334,-1],
[2,85768,-1],
[3,86140,-1],
[0,86512,-1],
[1,86791,-1],
[2,87070,-1],
[3,87318,-1],
[0,87565,-1],
[1,87720,-1],
[2,87875,-1],
[3,88030,-1],
[0,88170,-1],
[1,88278,-1],
[2,88402,-1],
[3,88511,-1],
[0,88619,-1],
[1,88712,-1],
[2,88805,-1],
[3,88883,-1],
[0,88960,-1],
[1,89038,-1],
[3,89100,-1],
[0,89177,-1],
[2,89239,-1],
[1,89301,-1],
[3,89363,-1],
[2,89425,-1],
[0,89487,90603],
[3,90727,-1],
[2,90789,-1],
[0,90851,-1],
[1,90913,-1],
[3,90975,91037],
[2,91037,-1],
[0,91098,91160],
[1,91160,-1],
[3,91222,-1],
[2,91284,-1],
[3,91346,-1],
[0,91408,-1],
[1,91470,-1],
[0,91532,-1],
[2,91594,-1],
[3,91594,95189],
[1,95189,99156],
[0,99156,99280],
[3,99218,99280],
[2,99280,99652],
[0,99652,100024],
[2,100024,100272],
[1,100272,-1],
[3,100334,100644],
[0,100644,-1],
[2,100706,-1],
[3,100768,-1],
[0,100830,-1],
[1,100892,-1],
[2,100954,-1],
[3,101016,-1],
[0,101078,-1],
[1,101140,101388],
[2,101388,101636],
[0,101636,-1],
[3,101698,101822],
[1,101822,101946],
[1,102008,102070],
[0,102070,102379],
[3,102379,-1],
[2,102441,-1],
[0,102503,-1],
[1,102565,-1],
[3,102627,-1],
[0,102689,-1],
[3,102751,-1],
[1,102813,-1],
[3,102875,-1],
[0,102937,-1],
[2,102999,-1],
[0,103061,-1],
[1,103123,103247],
[3,103247,103371],
[2,103330,103495],
[1,103495,103619],
[0,103619,103681],
[3,103681,103805],
[0,103805,103991],
[1,103991,104115],
[2,104115,104301],
[3,104301,104487],
[1,104487,104611],
[0,104611,104797],
[3,104797,-1],
[2,104859,-1],
[1,104921,-1],
[0,104983,-1],
[2,105045,105107],
[1,105107,105479],
[0,105479,105727],
[2,105727,105913],
[3,105913,105975],
[0,106037,106222],
[1,106222,106346],
[2,106346,106470],
[3,106470,-1],
[0,106532,-1],
[1,106594,-1],
[2,106656,-1],
[3,106718,-1],
[0,106780,-1],
[2,106842,-1],
[1,106904,-1],
[2,106966,-1],
[3,107028,-1],
[0,107090,-1],
[0,107214,107276],
[1,107338,-1],
[3,107462,-1],
[2,107462,-1],
[3,107586,-1],
[0,107586,-1],
[2,107648,-1],
[1,107710,-1],
[3,107772,-1],
[2,107834,-1],
[1,107958,-1],
[0,107958,-1],
[0,108082,-1],
[3,108082,-1],
[1,108144,-1],
[2,108206,-1],
[0,108268,-1],
[1,108330,-1],
[2,108454,-1],
[3,108454,-1],
[3,108578,-1],
[0,108578,-1],
[2,108640,-1],
[1,108702,-1],
[3,108764,-1],
[2,108826,-1],
[1,108950,-1],
[0,108950,-1],
[0,109074,-1],
[3,109074,-1],
[1,109136,-1],
[2,109198,-1],
[0,109260,-1],
[1,109322,-1],
[3,109446,-1],
[2,109446,-1],
[0,109570,-1],
[3,109570,-1],
[2,109632,-1],
[1,109694,-1],
[3,109756,-1],
[2,109818,-1],
[1,109941,-1],
[0,109941,-1],
[0,110065,-1],
[3,110065,-1],
[1,110127,-1],
[2,110189,-1],
[0,110251,-1],
[1,110313,-1],
[3,110437,-1],
[0,110437,-1],
[1,110499,-1],
[2,110561,-1],
[3,110623,-1],
[0,110685,-1],
[1,110685,-1],
[3,110747,-1],
[2,110809,-1],
[1,110871,-1],
[3,110933,-1],
[0,110933,-1],
[2,110995,-1],
[0,111057,-1],
[1,111057,-1],
[3,111098,-1],
[2,111140,-1],
[1,111181,-1],
[2,111305,-1],
[0,111429,-1],
[3,111429,-1],
[1,111553,-1],
[0,111553,-1],
[2,111615,-1],
[3,111677,-1],
[1,111739,-1],
[2,111801,-1],
[0,111925,-1],
[3,111925,-1],
[3,112049,-1],
[2,112049,-1],
[1,112111,-1],
[0,112173,-1],
[2,112235,-1],
[1,112297,-1],
[3,112421,-1],
[0,112421,-1],
[1,112545,-1],
[0,112545,-1],
[2,112607,-1],
[3,112669,-1],
[1,112731,-1],
[2,112793,-1],
[3,112917,-1],
[0,112917,-1],
[3,113041,-1],
[2,113041,-1],
[1,113103,-1],
[0,113165,-1],
[2,113227,-1],
[1,113289,-1],
[0,113413,-1],
[3,113413,-1],
[0,113537,-1],
[1,113537,-1],
[2,113598,-1],
[3,113660,-1],
[1,113722,-1],
[2,113784,-1],
[0,113908,-1],
[3,113908,-1],
[2,114032,-1],
[3,114032,-1],
[1,114094,-1],
[0,114156,-1],
[2,114218,-1],
[1,114280,-1],
[3,114342,-1],
[0,114404,-1],
[1,114404,-1],
[2,114466,-1],
[3,114528,-1],
[1,114590,-1],
[0,114652,-1],
[2,114714,-1],
[3,114776,-1],
[1,114776,-1],
[0,114838,-1],
[2,114900,-1],
[3,114962,115520],
[0,115272,115334],
[1,115334,115396],
[2,115396,115520],
[0,115520,-1],
[1,115520,-1],
[3,115561,-1],
[2,115603,-1],
[1,115644,-1],
[3,115768,-1],
[0,115768,-1],
[2,115892,-1],
[3,115892,-1],
[1,116016,-1],
[3,116016,-1],
[2,116078,-1],
[0,116140,-1],
[1,116202,-1],
[2,116264,-1],
[1,116388,-1],
[0,116388,-1],
[2,116512,-1],
[0,116512,-1],
[1,116574,-1],
[3,116636,-1],
[2,116698,-1],
[1,116760,-1],
[3,116884,-1],
[2,116884,-1],
[3,117008,-1],
[1,117008,-1],
[2,117070,-1],
[0,117132,-1],
[1,117194,-1],
[2,117256,-1],
[0,117379,-1],
[1,117379,-1],
[0,117503,-1],
[2,117503,-1],
[1,117565,-1],
[3,117627,-1],
[2,117689,-1],
[1,117751,-1],
[0,117875,-1],
[3,117875,-1],
[2,117999,-1],
[3,117999,-1],
[1,118123,-1],
[3,118123,-1],
[2,118185,-1],
[0,118247,-1],
[1,118309,-1],
[2,118371,-1],
[0,118495,-1],
[3,118495,-1],
[2,118557,-1],
[1,118619,-1],
[0,118681,-1],
[2,118743,-1],
[3,118743,-1],
[0,118805,-1],
[1,118867,-1],
[2,118929,-1],
[0,118991,-1],
[3,118991,-1],
[1,119053,-1],
[3,119115,-1],
[2,119115,-1],
[0,119156,-1],
[1,119198,-1],
[2,119239,-1],
[1,119363,-1],
[3,119487,-1],
[0,119487,-1],
[2,119549,-1],
[3,119611,-1],
[1,119673,-1],
[0,119735,-1],
[1,119859,-1],
[3,119859,-1],
[0,119983,-1],
[3,119983,-1],
[1,120045,-1],
[0,120107,-1],
[2,120169,-1],
[3,120231,-1],
[2,120355,-1],
[0,120355,-1],
[3,120479,-1],
[0,120479,-1],
[2,120541,-1],
[3,120603,-1],
[1,120665,-1],
[0,120727,-1],
[3,120851,-1],
[1,120851,-1],
[0,120975,-1],
[3,120975,-1],
[1,121037,-1],
[0,121098,-1],
[2,121160,-1],
[3,121222,-1],
[2,121346,-1],
[0,121346,-1],
[0,121470,-1],
[3,121470,-1],
[2,121532,-1],
[3,121594,-1],
[1,121656,-1],
[0,121718,-1],
[1,121842,-1],
[3,121842,-1],
[3,121966,-1],
[0,121966,-1],
[2,122028,-1],
[1,122090,-1],
[0,122152,-1],
[3,122152,-1],
[2,122214,-1],
[1,122276,-1],
[3,122338,-1],
[0,122338,-1],
[2,122400,-1],
[1,122462,122710],
[3,122710,-1],
[2,122772,-1],
[0,122834,123082],
[1,123082,123206],
[2,123206,-1],
[3,123268,-1],
[0,123330,-1],
[1,123392,-1],
[2,123454,-1],
[0,123516,-1],
[2,123578,-1],
[3,123640,-1],
[1,123702,-1],
[2,123764,-1],
[0,123826,128165],
[3,128165,128598],
[1,128598,129094],
[2,129094,129652],
[0,129652,130582],
[3,129900,-1],
[3,130148,-1],
[3,130396,-1],
[1,130644,-1],
[2,130768,130830],
[0,130892,-1],
[3,130892,-1],
[0,131016,-1],
[3,131140,-1],
[0,131202,-1],
[2,131264,-1],
[1,131326,-1],
[3,131388,-1],
[2,131388,-1],
[0,131574,-1],
[1,131574,-1],
[3,131760,-1],
[2,131760,-1],
[0,131946,-1],
[1,131946,-1],
[3,132132,-1],
[2,132132,-1],
[0,132318,-1],
[1,132318,-1],
[3,132503,-1],
[2,132503,-1],
[0,132689,-1],
[1,132689,-1],
[3,132875,-1],
[2,132875,-1],
[0,133061,-1],
[1,133061,-1],
[3,133247,-1],
[2,133247,-1],
[0,133433,-1],
[1,133433,-1],
[2,133619,-1],
[3,133619,-1],
[1,133805,-1],
[0,133805,-1],
[2,133991,-1],
[3,133991,-1],
[1,134177,-1],
[0,134177,-1],
[2,134363,-1],
[3,134363,-1],
[1,134549,-1],
[3,134611,-1],
[2,134673,-1],
[0,134735,-1],
[3,134797,-1],
[1,134859,-1],
[2,134941,-1],
[1,135024,-1],
[3,135107,-1],
[0,135107,-1],
[3,135231,-1],
[1,135355,-1],
[0,135479,-1],
[2,135541,-1],
[3,135665,-1],
[1,135727,-1],
[0,135851,-1],
[2,135913,-1],
[3,136037,-1],
[1,136098,-1],
[0,136222,-1],
[2,136284,-1],
[3,136408,-1],
[1,136470,-1],
[0,136594,-1],
[2,136656,-1],
[3,136780,-1],
[1,136842,-1],
[3,136904,-1],
[0,136966,-1],
[2,137028,-1],
[1,137090,-1],
[3,137152,-1],
[1,137214,-1],
[2,137276,-1],
[0,137338,-1],
[2,137400,-1],
[1,137462,-1],
[3,137524,-1],
[1,137586,-1],
[2,137648,-1],
[0,137710,-1],
[2,137772,-1],
[1,137834,-1],
[3,137896,-1],
[1,137958,-1],
[2,138020,-1],
[0,138082,-1],
[1,138144,-1],
[0,138206,-1],
[3,138268,-1],
[2,138330,-1],
[3,138392,-1],
[0,138454,-1],
[1,138516,-1],
[0,138578,-1],
[2,138640,-1],
[1,138702,-1],
[3,138764,-1],
[0,138826,-1],
[1,138826,-1],
[3,139074,-1],
[0,139136,-1],
[1,139198,-1],
[2,139260,-1],
[3,139322,-1],
[0,139322,-1],
[2,139570,-1],
[3,139570,-1],
[2,139694,-1],
[1,139694,-1],
[0,139818,-1],
[3,139818,-1],
[0,140065,-1],
[3,140127,-1],
[2,140189,-1],
[1,140251,-1],
[0,140313,-1],
[3,140313,-1],
[0,140561,-1],
[1,140561,-1],
[2,140685,-1],
[1,140685,-1],
[0,140809,-1],
[3,140809,-1],
[3,141057,-1],
[0,141119,-1],
[1,141181,-1],
[2,141243,-1],
[0,141305,-1],
[3,141305,-1],
[2,141553,-1],
[3,141553,-1],
[2,141677,-1],
[1,141677,-1],
[0,141801,-1],
[3,141801,-1],
[0,142049,-1],
[3,142111,-1],
[2,142173,-1],
[1,142235,-1],
[3,142297,-1],
[0,142297,-1],
[0,142545,-1],
[2,142545,-1],
[1,142669,-1],
[3,142669,-1],
[0,142793,142855],
[1,142793,-1],
[2,142917,-1],
[3,143041,-1],
[0,143041,143103],
[2,143165,-1],
[0,143289,143413],
[1,143289,143351],
[2,143413,-1],
[0,143537,143660],
[3,143537,143598],
[2,143660,-1],
[0,143784,143970],
[1,143784,143908],
[2,143908,-1],
[0,144032,144218],
[3,144032,144094],
[2,144156,-1],
[0,144280,144466],
[1,144280,144404],
[2,144404,-1],
[0,144528,144714],
[3,144528,144652],
[2,144652,-1],
[1,144776,-1],
[0,144776,-1],
[1,144900,-1],
[0,144900,-1],
[2,145024,-1],
[1,145024,-1],
[2,145148,-1],
[1,145148,-1],
[3,145272,-1],
[2,145272,-1],
[3,145396,-1],
[2,145396,-1],
[3,145520,-1],
[0,145520,-1],
[0,145644,-1],
[3,145644,-1],
[1,145706,-1],
[2,145768,-1],
[0,145830,-1],
[3,145892,-1],
[1,145954,-1],
[2,146016,-1],
[1,146078,-1],
[3,146140,-1],
[2,146202,-1],
[0,146388,-1],
[1,146450,-1],
[3,146512,146760],
[2,146512,-1],
[0,146760,-1],
[1,146760,-1],
[2,146760,-1],
[3,146884,-1],
[2,147008,-1],
[0,147008,-1],
[3,147008,-1],
[1,147132,-1],
[0,147256,-1],
[1,147256,-1],
[2,147256,-1],
[3,147379,-1],
[2,147503,-1],
[3,147503,-1],
[1,147503,-1],
[0,147627,-1],
[0,147751,-1],
[1,147751,-1],
[3,147751,-1],
[2,147875,-1],
[1,147999,-1],
[3,147999,-1],
[2,147999,-1],
[0,148123,-1],
[0,148247,-1],
[1,148247,-1],
[3,148247,-1],
[2,148371,-1],
[1,148495,-1],
[0,148495,-1],
[2,148495,-1],
[3,148619,-1],
[2,148743,-1],
[0,148743,-1],
[3,148743,-1],
[1,148867,-1],
[0,148991,-1],
[1,148991,-1],
[2,148991,-1],
[3,149115,-1],
[2,149239,-1],
[3,149239,-1],
[1,149239,-1],
[0,149363,-1],
[0,149487,-1],
[1,149487,-1],
[3,149487,-1],
[2,149611,-1],
[1,149735,-1],
[3,149735,-1],
[2,149735,-1],
[0,149859,-1],
[0,149983,-1],
[1,149983,-1],
[3,149983,-1],
[2,150107,-1],
[3,150231,-1],
[2,150231,-1],
[1,150231,-1],
[0,150355,-1],
[0,150479,-1],
[1,150479,-1],
[2,150479,-1],
[2,150603,-1],
[3,150603,-1],
[2,150727,-1],
[3,150727,-1],
[0,150727,-1],
[1,150851,-1],
[2,150975,-1],
[1,150975,-1],
[0,150975,-1],
[3,151098,-1],
[3,151222,-1],
[0,151222,-1],
[2,151222,-1],
[1,151346,-1],
[2,151470,-1],
[1,151470,-1],
[0,151470,-1],
[3,151594,-1],
[1,151718,-1],
[3,151718,-1],
[2,151718,-1],
[0,151842,-1],
[3,151966,-1],
[1,151966,-1],
[0,151966,-1],
[2,152090,-1],
[2,152214,-1],
[3,152214,-1],
[1,152214,-1],
[0,152338,-1],
[3,152462,-1],
[0,152462,-1],
[2,152462,-1],
[1,152586,-1],
[2,152648,-1],
[3,152648,-1],
[1,152710,-1],
[0,152710,-1],
[3,152834,-1],
[3,152958,-1],
[2,152958,-1],
[0,152958,-1],
[1,153082,-1],
[0,153206,-1],
[1,153206,-1],
[3,153206,-1],
[2,153330,-1],
[2,153454,-1],
[3,153454,-1],
[1,153454,-1],
[0,153578,-1],
[3,153702,-1],
[2,153702,-1],
[0,153702,-1],
[1,153826,-1],
[2,153950,-1],
[3,153950,-1],
[1,153950,-1],
[0,154012,-1],
[3,154074,-1],
[0,154136,-1],
[2,154198,-1],
[1,154260,-1],
[3,154322,-1],
[2,154384,-1],
[0,154446,-1],
[3,154508,-1],
[2,154570,-1],
[1,154632,-1],
[0,154694,-1],
[2,154694,-1],
[3,154694,-1],
[0,154818,-1],
[1,154941,-1],
[3,154941,-1],
[0,154941,-1],
[2,155065,-1],
[3,155189,-1],
[2,155189,-1],
[1,155189,-1],
[0,155313,-1],
[1,155437,-1],
[0,155437,-1],
[2,155437,-1],
[3,155561,-1],
[3,155685,-1],
[2,155685,-1],
[0,155685,-1],
[1,155809,-1],
[2,155933,-1],
[0,155933,-1],
[1,155933,-1],
[3,156057,-1],
[3,156181,-1],
[2,156181,-1],
[0,156181,-1],
[1,156305,-1],
[2,156429,-1],
[3,156429,-1],
[1,156429,-1],
[0,156553,-1],
[1,156677,-1],
[3,156677,-1],
[0,156677,-1],
[2,156801,-1],
[3,156925,-1],
[2,156925,-1],
[1,156925,-1],
[0,157049,-1],
[1,157173,-1],
[0,157173,-1],
[2,157173,-1],
[3,157297,-1],
[3,157421,-1],
[0,157421,-1],
[1,157503,-1],
[2,157503,-1],
[3,157586,-1],
[0,157586,-1],
[1,157669,-1],
[2,157669,-1],
[3,157793,-1],
[3,157917,-1],
[2,157917,-1],
[0,157917,-1],
[1,158041,-1],
[0,158165,-1],
[1,158165,-1],
[2,158165,-1],
[3,158289,-1],
[2,158351,-1],
[0,158413,-1],
[1,158475,-1],
[3,158537,-1],
[2,158537,-1],
[1,158660,-1],
[0,158660,-1],
[3,158660,-1],
[2,158784,-1],
[1,158908,-1],
[2,158908,-1],
[3,158908,-1],
[0,159032,-1],
[1,159032,-1],
[0,159156,-1],
[3,159156,-1],
[1,159156,-1],
[2,159280,-1],
[1,159404,-1],
[2,159404,-1],
[3,159404,-1],
[0,159528,-1],
[2,159652,-1],
[0,159652,-1],
[1,159652,-1],
[3,159776,-1],
[1,159900,-1],
[2,159962,-1],
[1,160024,-1],
[2,160086,-1],
[1,160148,-1],
[0,160148,-1],
[3,160148,-1],
[2,160272,-1],
[0,160396,-1],
[3,160396,-1],
[1,160396,-1],
[2,160520,-1],
[2,160644,-1],
[3,160644,-1],
[1,160644,-1],
[0,160768,-1],
[2,160830,-1],
[3,160830,-1],
[0,160892,-1],
[1,160892,-1],
[2,161016,-1],
[0,161140,-1],
[2,161140,-1],
[1,161140,-1],
[3,161264,-1],
[1,161326,-1],
[0,161326,-1],
[2,161388,-1],
[3,161388,-1],
[1,161512,-1],
[3,161636,161760],
[2,161760,161884],
[1,161884,162008],
[0,162008,162132],
[3,162132,-1],
[2,162194,-1],
[1,162256,-1],
[0,162318,-1],
[1,162379,-1],
[2,162441,-1],
[3,162503,-1],
[1,162565,-1],
[0,162627,-1],
[2,162627,-1],
[3,162627,-1],
[2,162751,-1],
[0,162813,-1],
[1,162813,-1],
[3,162875,-1],
[3,162999,-1],
[2,162999,-1],
[1,163061,-1],
[2,163123,-1],
[0,163123,-1],
[3,163247,-1],
[3,163371,-1],
[0,163371,-1],
[2,163371,-1],
[0,163619,-1],
[1,163619,-1],
[2,163619,-1],
[1,163743,-1],
[2,163805,-1],
[3,163805,-1],
[0,163867,-1],
[1,163991,-1],
[0,163991,-1],
[2,164053,-1],
[3,164115,-1],
[1,164115,-1],
[0,164239,-1],
[1,164363,-1],
[3,164363,-1],
[0,164363,-1],
[3,164611,-1],
[2,164611,-1],
[1,164611,-1],
[2,164735,-1],
[0,164797,-1],
[1,164797,-1],
[3,164859,-1],
[3,164983,-1],
[2,164983,-1],
[1,165045,-1],
[2,165107,-1],
[0,165107,-1],
[1,165231,-1],
[2,165293,-1],
[3,165293,-1],
[0,165355,-1],
[1,165479,-1],
[0,165479,-1],
[2,165541,-1],
[3,165603,-1],
[1,165603,-1],
[2,165727,-1],
[1,165789,-1],
[0,165789,-1],
[3,165851,-1],
[1,165975,-1],
[2,165975,-1],
[0,166037,-1],
[2,166098,-1],
[3,166098,-1],
[3,166222,-1],
[1,166346,-1],
[0,166346,-1],
[1,166470,-1],
[0,166470,-1],
[3,166594,-1],
[2,166594,-1],
[0,166594,-1],
[1,166718,-1],
[2,166780,-1],
[3,166780,-1],
[0,166842,-1],
[3,166904,-1],
[0,166966,-1],
[1,167028,-1],
[2,167090,-1],
[3,167090,-1],
[0,167214,-1],
[1,167338,-1],
[2,167338,-1],
[3,167338,-1],
[1,167586,-1],
[0,167586,-1],
[3,167586,-1],
[2,167710,-1],
[0,167772,-1],
[1,167772,-1],
[3,167834,-1],
[0,167896,-1],
[3,167958,-1],
[2,168020,-1],
[1,168082,-1],
[0,168082,-1],
[3,168206,-1],
[2,168330,-1],
[1,168330,-1],
[0,168330,-1],
[3,168516,-1],
[2,168516,-1],
[1,168578,-1],
[0,168578,-1],
[1,168702,-1],
[2,168764,-1],
[3,168764,-1],
[0,168826,-1],
[3,168888,-1],
[0,168950,-1],
[1,169012,-1],
[3,169074,-1],
[2,169074,-1],
[3,169198,-1],
[1,169260,-1],
[0,169260,-1],
[2,169322,-1],
[1,169384,-1],
[3,169446,-1],
[2,169508,-1],
[1,169570,-1],
[0,169570,-1],
[0,169694,-1],
[3,169818,-1],
[2,169879,-1],
[0,169941,-1],
[1,170003,-1],
[3,170065,-1],
[2,170127,-1],
[0,170189,-1],
[3,170251,-1],
[1,170313,-1],
[0,170375,-1],
[2,170437,-1],
[1,170499,-1],
[3,170561,-1],
[2,170561,-1],
[0,170561,-1],
[0,170685,-1],
[1,170685,-1],
[2,170747,-1],
[3,170809,-1],
[1,170871,-1],
[0,170871,-1],
[2,170933,-1],
[3,171057,-1],
[1,171057,-1],
[2,171181,-1],
[1,171243,-1],
[0,171305,-1],
[2,171305,-1],
[3,171305,-1],
[0,171553,-1],
[1,171553,-1],
[3,171553,-1],
[2,171677,-1],
[3,171677,-1],
[1,171739,-1],
[0,171801,-1],
[3,171863,-1],
[2,171863,-1],
[1,171925,-1],
[0,172049,-1],
[2,172049,-1],
[1,172173,-1],
[2,172235,-1],
[1,172297,-1],
[3,172297,-1],
[0,172297,-1],
[0,172545,-1],
[2,172545,-1],
[3,172545,-1],
[0,172669,-1],
[1,172669,-1],
[2,172731,-1],
[3,172793,-1],
[1,172855,-1],
[0,172855,-1],
[2,172917,-1],
[1,173041,-1],
[3,173041,-1],
[2,173165,-1],
[3,173165,-1],
[1,173227,-1],
[0,173289,-1],
[3,173351,-1],
[2,173351,-1],
[0,173413,-1],
[1,173454,-1],
[2,173495,-1],
[3,173537,-1],
[0,173537,-1],
[1,173660,-1],
[0,173660,-1],
[3,173722,-1],
[2,173784,-1],
[1,173846,-1],
[0,173846,-1],
[3,173908,-1],
[0,174032,-1],
[2,174032,-1],
[3,174032,-1],
[1,174156,-1],
[3,174218,-1],
[2,174280,-1],
[3,174342,-1],
[2,174404,-1],
[1,174404,-1],
[1,174528,-1],
[0,174528,-1],
[3,174528,-1],
[2,174652,-1],
[3,174776,-1],
[2,174776,-1],
[1,174776,-1],
[0,174900,-1],
[0,175024,-1],
[1,175024,-1],
[3,175024,-1],
[2,175148,-1],
[3,175272,-1],
[2,175272,-1],
[1,175272,-1],
[0,175396,-1],
[0,175520,-1],
[1,175520,-1],
[3,175644,-1],
[2,175644,-1],
[1,175768,-1],
[2,175768,-1],
[0,175892,-1],
[1,175892,-1],
[3,176016,-1],
[2,176016,-1],
[1,176140,-1],
[2,176140,-1],
[0,176264,-1],
[3,176264,-1],
[2,176388,-1],
[3,176388,-1],
[0,176512,-1],
[1,176512,-1],
[3,176574,-1],
[2,176636,-1],
[1,176698,-1],
[0,176760,-1],
[3,176822,-1],
[1,176884,-1],
[2,176946,-1],
[3,177008,-1],
[1,177008,-1],
[0,177070,-1],
[2,177132,-1],
[1,177194,-1],
[3,177256,-1],
[2,177318,-1],
[0,177379,-1],
[1,177441,-1],
[3,177503,-1],
[2,177503,-1],
[0,177565,-1],
[3,177627,-1],
[2,177689,-1],
[1,177751,-1],
[0,177751,-1],
[3,177813,-1],
[2,177875,-1],
[1,177937,-1],
[2,177999,-1],
[3,177999,-1],
[0,178061,-1],
[1,178123,-1],
[2,178185,-1],
[1,178247,-1],
[0,178247,-1],
[3,178309,-1],
[2,178371,-1],
[1,178433,-1],
[2,178495,-1],
[3,178495,179797],
